0,211
0,73
5,33
13,247
14,100
20,0
22,509
24,22
26,47
31,260
32,278
36,69
37,87
37,199
38,499
46,138
48,269
50,3
55,73
61,125
61,455
69,506
71,104
71,32
78,139
80,75
85,423
86,58
94,216
96,409
96,409
99,425
101,62
103,166
104,162
108,477
120,419
121,204
126,388
129,200
134,383
145,130
146,11
148,284
148,284
160,229
162,204
167,112
170,221
173,347
176,276
187,192
194,45
200,73
204,280
205,258
207,227
210,18
215,385
219,196
219,292
223,317
225,352
230,174
236,271
236,271
236,298
241,506
242,333
244,97
245,45
245,262
245,137
245,137
245,137
245,137
247,373
248,73
260,321
261,253
268,239
274,94
274,217
280,184
280,52
281,31
282,345
285,143
286,156
286,156
286,156
292,234
292,234
292,234
301,372
301,372
302,36
303,271
303,271
304,94
316,436
317,66
318,336
320,24
323,509
330,13
332,194
332,194
332,194
336,63
336,106
341,0
349,308
351,89
357,46
363,345
365,366
376,49
376,260
380,129
380,129
380,129
380,129
380,129
380,129
380,129
381,391
381,354
387,290
389,5
389,5
391,44
394,379
396,348
402,306
402,306
402,306
403,391
408,333
411,224
412,82
418,208
424,280
425,5
426,417
428,54
429,511
450,4
451,348
451,348
451,349
451,348
452,400
452,345
465,285
474,468
479,282
479,378
481,355
481,15
482,26
490,0
496,379
498,269
498,269
499,273
504,446
508,430
511,470
511,331
