43,362
72,365
91,214
93,377
95,202
101,297
109,398
140,356
143,341
155,363
157,162
169,124
172,64
173,163
173,104
178,207
178,207
187,89
187,89
187,89
198,229
198,57
200,37
201,205
205,117
210,138
211,8
215,252
217,45
217,109
221,161
221,161
221,1
221,29
233,42
239,112
239,0
243,95
243,170
251,84
251,151
256,17
264,117
266,181
266,338
267,42
270,141
271,2
273,94
273,94
287,177
290,33
292,85
297,61
303,140
309,12
320,33
323,181
328,77
332,15
338,223
347,510
352,81
352,81
359,20
361,237
362,506
364,106
373,29
373,261
373,261
375,71
379,92
379,113
382,158
382,496
391,307
393,0
406,312
411,360
421,240
421,240
436,172
467,0
493,416
507,381
508,401
511,486
